Dataset/TF/F/Leave_a_bad_review__This_IoT_garage_door_opener_maker_may_brick_your_device.txt,0,NA,NA,NA,0,NA,NA,1.54,NA,NA,NA,1.72,1.59,NA,2.17,NA,2.95,NA,NA,NA,2.27,NA,NA,NA,2.52,NA,1.96,NA,1.39,NA,NA,NA,NA,NA,2.06,NA,1.73,1.73,1.99,NA,NA,NA,NA,3.76,2.36,NA,3.53,2.71,NA,1.52,NA,1.96,NA,2.3,NA,NA,NA,NA,NA,NA,NA,NA,NA,NA,NA,1.97,NA,NA,NA,2.1,2.71,NA,NA,NA,NA,2.65,NA,NA,NA,NA,NA,NA,NA,3.38,NA,3.24,NA,NA,1.72,NA,NA,3.22,NA,NA,NA,3.54,NA,NA,NA,NA,NA,NA,NA,NA,2.62,2.95,2.06,1.39,1.31,1.06,6.87,1.21,NA,1.9,2.31,2.37,1.65,2.46,1.6,1.85,2.48,3.85,3.4,2.46,2.33,2.95,3.34,2.49,0.97,1.4,NA,2.65,3.26,2.57,2.99,2.3,2.87,3.04,2.01,2.67,2.91,3.3,3.72,4.12,2.09,3.36,
Dataset/TF/F/Why_it's_a_good_idea_to_clear_your_browser_history_and_cookies.txt,0,NA,NA,NA,1.54,NA,NA,0,NA,NA,NA,0.95,1.16,NA,1.43,NA,1.52,NA,NA,NA,4.22,NA,NA,NA,1.51,NA,2.09,NA,1.96,NA,NA,NA,NA,NA,1.38,NA,0.93,0.93,1.32,NA,NA,NA,NA,1.95,1.19,NA,0.95,1.62,NA,1.92,NA,1.74,NA,1.35,NA,NA,NA,NA,NA,NA,NA,NA,NA,NA,NA,1.54,NA,NA,NA,2.74,1.61,NA,NA,NA,NA,2.15,NA,NA,NA,NA,NA,NA,NA,1.64,NA,3.13,NA,NA,1.97,NA,NA,1.42,NA,NA,NA,1.63,NA,NA,NA,NA,NA,NA,NA,NA,1.9,2.08,0.95,1.2,2.05,0.96,2.58,1.35,NA,1.63,1.59,1.19,1.56,2.21,1.91,1.91,1.11,2.14,1.81,1.3,1.39,1.32,1.8,1.75,1.67,1.58,NA,1.3,1.66,1.44,3.79,1.56,1.63,1.93,2.15,1.88,1.41,1.31,1.25,1.62,1.8,1.08,
Dataset/TF/F_(2)/Ask_a_Security_Professional-_WordPress_Database_Security_Part_One_—_Anatomy_of_WordPress.txt,0,NA,NA,NA,1.72,NA,NA,0.95,NA,NA,NA,0,0.76,NA,1.15,NA,1.58,NA,NA,NA,2.08,NA,NA,NA,1.44,NA,1.63,NA,1.51,NA,NA,NA,NA,NA,1.49,NA,0.89,0.89,1.22,NA,NA,NA,NA,2.84,1.51,NA,1.03,1.95,NA,1.65,NA,1.73,NA,1.22,NA,NA,NA,NA,NA,NA,NA,NA,NA,NA,NA,1.63,NA,NA,NA,2.3,1.26,NA,NA,NA,NA,1.11,NA,NA,NA,NA,NA,NA,NA,1.55,NA,1.8,NA,NA,1.83,NA,NA,1.04,NA,NA,NA,1.54,NA,NA,NA,NA,NA,NA,NA,NA,1.97,2.63,1.55,2.5,1.41,1.31,2.08,1.43,NA,1.31,1.61,1.51,1.45,1.5,1.66,1.22,1.37,1.57,1.64,1.32,1.72,1.73,1.45,2.29,1.24,1.87,NA,1.06,1.63,1.11,2.39,1.64,1.35,1.47,1.34,1.51,1.22,1.34,1.15,1.1,1.55,1.67,
Dataset/TF/F_(2)/Ask_a_Security_Professional-_WordPress_Database_Security_Part_Two_—_Best_Practices.txt,0,NA,NA,NA,1.59,NA,NA,1.16,NA,NA,NA,0.76,0,NA,1.44,NA,1.86,NA,NA,NA,2.03,NA,NA,NA,1.25,NA,1.8,NA,1.63,NA,NA,NA,NA,NA,1.39,NA,1.04,1.04,1.11,NA,NA,NA,NA,1.87,1,NA,1.35,1.68,NA,1.69,NA,2.56,NA,1.49,NA,NA,NA,NA,NA,NA,NA,NA,NA,NA,NA,2.17,NA,NA,NA,2.48,1.25,NA,NA,NA,NA,1.44,NA,NA,NA,NA,NA,NA,NA,1.24,NA,1.28,NA,NA,1.37,NA,NA,1.52,NA,NA,NA,1.64,NA,NA,NA,NA,NA,NA,NA,NA,2.53,3.5,1.44,1.48,2.39,1.71,1.8,1.63,NA,1.38,1.36,1,1.31,1.67,1.74,1.16,1.41,1.9,1.44,1.79,1.61,1.98,2.67,2.34,2,1.54,NA,1.16,1.62,1.21,1.96,1.31,1.41,2.26,1.52,1.65,1.4,1.31,1.41,1.47,2.33,1.02,
Dataset/TF/F_(2)/Cybersecurity_Industry_Must_Adopt_Cyberdefense_Tech_that_Utilizes_Analytics-_Artificial_Intelligence.txt,0,NA,NA,NA,2.17,NA,NA,1.43,NA,NA,NA,1.15,1.44,NA,0,NA,1.4,NA,NA,NA,3.46,NA,NA,NA,1.1,NA,1.34,NA,1.88,NA,NA,NA,NA,NA,1.21,NA,1.44,1.44,1.28,NA,NA,NA,NA,5.31,1.69,NA,1.39,1.68,NA,1.95,NA,1.53,NA,1.31,NA,NA,NA,NA,NA,NA,NA,NA,NA,NA,NA,2.45,NA,NA,NA,2.51,1.21,NA,NA,NA,NA,1.11,NA,NA,NA,NA,NA,NA,NA,2.7,NA,1.32,NA,NA,1.51,NA,NA,1.53,NA,NA,NA,1.53,NA,NA,NA,NA,NA,NA,NA,NA,2.44,4.35,2.32,2.25,2.74,2.12,1.42,2.45,NA,1.19,1.49,1.65,1.44,2.49,1.93,1.94,1.7,1.2,1.85,1.55,1.95,1.92,1.42,1.88,2.82,1.94,NA,2.01,1.54,1.57,2.41,1.97,1.59,2.53,1.71,1.88,1.46,1.49,1.78,2.01,2.51,2.04,
Dataset/TF/F_(2)/GRC-_Going_Beyond_the_Acronym.txt,0,NA,NA,NA,2.95,NA,NA,1.52,NA,NA,NA,1.58,1.86,NA,1.4,NA,0,NA,NA,NA,7.11,NA,NA,NA,2.46,NA,2.21,NA,2.4,NA,NA,NA,NA,NA,1.66,NA,1.6,1.6,1.55,NA,NA,NA,NA,2.95,1.79,NA,1.18,1.9,NA,1.85,NA,2.68,NA,1.58,NA,NA,NA,NA,NA,NA,NA,NA,NA,NA,NA,1.86,NA,NA,NA,2.22,1.57,NA,NA,NA,NA,0.95,NA,NA,NA,NA,NA,NA,NA,2.68,NA,1.61,NA,NA,1.3,NA,NA,1.52,NA,NA,NA,1.73,NA,NA,NA,NA,NA,NA,NA,NA,4.07,4.29,1.85,3.37,3.71,2.86,4.48,2.47,NA,2.03,3.36,1.79,2.63,2.75,2.07,1.98,2.14,1.77,2.55,1.88,2.88,1.89,2.95,3.51,2.64,2.12,NA,1.65,2.17,1.41,10.18,2.21,4.53,3.04,2.3,2.27,2.37,1.9,2.38,1.84,3.3,1.79,
Dataset/TF/F_(3)/10_Experts_Who_Love_Kaspersky_Internet_Security_2015.txt,0,NA,NA,NA,2.27,NA,NA,4.22,NA,NA,NA,2.08,2.03,NA,3.46,NA,7.11,NA,NA,NA,0,NA,NA,NA,2.68,NA,2.73,NA,1.93,NA,NA,NA,NA,NA,4.16,NA,3.28,3.27,2.5,NA,NA,NA,NA,3.93,3.46,NA,5.83,2.01,NA,4.42,NA,2.66,NA,3.62,NA,NA,NA,NA,NA,NA,NA,NA,NA,NA,NA,4.11,NA,NA,NA,2.68,2.28,NA,NA,NA,NA,3.37,NA,NA,NA,NA,NA,NA,NA,3.5,NA,2.36,NA,NA,1.94,NA,NA,3.85,NA,NA,NA,2.74,NA,NA,NA,NA,NA,NA,NA,NA,3.92,3.69,3.62,2.39,3.36,5.1,3.38,3.27,NA,3.85,2.77,3.86,3.48,4.07,4.06,2.58,4.28,2.55,3.84,4.69,3.22,5.72,5.2,7.1,2.08,1.38,NA,1.67,2.67,2.73,2.42,2.87,4.56,3.12,1.29,2.18,4.81,4.39,5.09,4.44,3.35,2.56,
Dataset/TF/F_(3)/Deep_Dive-_5_Threats_Affecting_Hardware.txt,0,NA,NA,NA,2.52,NA,NA,1.51,NA,NA,NA,1.44,1.25,NA,1.1,NA,2.46,NA,NA,NA,2.68,NA,NA,NA,0,NA,0.79,NA,1.65,NA,NA,NA,NA,NA,1.16,NA,0.95,0.95,1.41,NA,NA,NA,NA,4.21,0.88,NA,0.85,1.87,NA,2.45,NA,3.07,NA,0.96,NA,NA,NA,NA,NA,NA,NA,NA,NA,NA,NA,1.35,NA,NA,NA,1.88,1.72,NA,NA,NA,NA,1.24,NA,NA,NA,NA,NA,NA,NA,1.27,NA,1.61,NA,NA,2.02,NA,NA,1.36,NA,NA,NA,1.45,NA,NA,NA,NA,NA,NA,NA,NA,1.59,3.88,2.27,2.21,2.02,1.21,1.63,1.46,NA,1.21,1.43,0.85,1.1,1.1,1.45,1.49,0.9,1.1,1.21,0.89,1.49,1.39,1.16,1.8,1.62,1.2,NA,1.32,1.19,0.83,2.24,1.67,1.15,1.45,1.47,1.41,1.16,0.88,1.24,0.79,1.55,1.33,
Dataset/TF/F_(3)/Fact_or_Fiction_can_a_virus_actually_damage_PC_hardware.txt,0,NA,NA,NA,1.96,NA,NA,2.09,NA,NA,NA,1.63,1.8,NA,1.34,NA,2.21,NA,NA,NA,2.73,NA,NA,NA,0.79,NA,0,NA,0.85,NA,NA,NA,NA,NA,1.31,NA,1.67,1.67,1.06,NA,NA,NA,NA,2.67,1.28,NA,1.79,2.13,NA,4.01,NA,2.83,NA,1.76,NA,NA,NA,NA,NA,NA,NA,NA,NA,NA,NA,1.89,NA,NA,NA,3.32,1.45,NA,NA,NA,NA,2.03,NA,NA,NA,NA,NA,NA,NA,2.83,NA,3.14,NA,NA,1.93,NA,NA,1.71,NA,NA,NA,1.48,NA,NA,NA,NA,NA,NA,NA,NA,2.83,2.75,2.75,2.78,2.39,2.36,2.44,1.1,NA,1.65,1.2,1.31,0.94,1.62,2.13,2.26,1.12,2.34,2.33,1.36,3.32,2.97,1.96,1.85,1.85,1.38,NA,1.64,1.91,1.48,3.19,2.1,2.56,2.24,1.96,1.8,1.97,1.54,2.1,1.89,1.88,1.86,
Dataset/TF/F_(3)/How_Kaspersky_Internet_Security_protects_from_ransomware.txt,0,NA,NA,NA,1.39,NA,NA,1.96,NA,NA,NA,1.51,1.63,NA,1.88,NA,2.4,NA,NA,NA,1.93,NA,NA,NA,1.65,NA,0.85,NA,0,NA,NA,NA,NA,NA,1.72,NA,1.87,1.87,0.88,NA,NA,NA,NA,2.76,1.03,NA,1.81,2.25,NA,3.22,NA,1.59,NA,2.77,NA,NA,NA,NA,NA,NA,NA,NA,NA,NA,NA,2.91,NA,NA,NA,3,2.36,NA,NA,NA,NA,1.46,NA,NA,NA,NA,NA,NA,NA,1.9,NA,1.67,NA,NA,1.82,NA,NA,1.18,NA,NA,NA,2.08,NA,NA,NA,NA,NA,NA,NA,NA,1.4,1.87,1.27,2.23,1.27,2.33,1.87,1.17,NA,1.22,0.58,1.03,0.6,1.42,2.33,1.97,1.56,2.8,1.65,2.65,2.92,3.05,1.55,1.59,1.1,2.12,NA,1.39,1.76,1.71,1.95,1.38,2.4,2.11,1.1,1.41,1.88,2.13,1.97,2.12,2.21,0.79,
Dataset/TF/F_(3)/Keeping_blockchain_on_track_while_the_hype_fades.txt,0,NA,NA,NA,2.06,NA,NA,1.38,NA,NA,NA,1.49,1.39,NA,1.21,NA,1.66,NA,NA,NA,4.16,NA,NA,NA,1.16,NA,1.31,NA,1.72,NA,NA,NA,NA,NA,0,NA,0.92,0.92,1.12,NA,NA,NA,NA,3.72,1.32,NA,1.06,2.06,NA,2.05,NA,2.07,NA,1.18,NA,NA,NA,NA,NA,NA,NA,NA,NA,NA,NA,2.4,NA,NA,NA,3.42,1.54,NA,NA,NA,NA,1.87,NA,NA,NA,NA,NA,NA,NA,2.93,NA,2.71,NA,NA,1.71,NA,NA,1.86,NA,NA,NA,2.28,NA,NA,NA,NA,NA,NA,NA,NA,3.09,2.75,2.4,2.93,4.87,3.84,1.97,2.51,NA,1.61,1.93,1.32,1.15,1.6,1.78,2.02,1.82,2.8,1.39,1.11,1.53,1.44,2.17,2.39,3.07,2.34,NA,2.27,1.9,1.24,3.13,1.93,2.45,2.51,1.71,2,1.88,1.64,1.79,1.72,2.02,1.33,
Dataset/TF/F_(3)/My_Precious_Data-_Digital_clutter_and_its_dangers.txt,0,NA,NA,NA,1.73,NA,NA,0.93,NA,NA,NA,0.89,1.04,NA,1.44,NA,1.6,NA,NA,NA,3.28,NA,NA,NA,0.95,NA,1.67,NA,1.87,NA,NA,NA,NA,NA,0.92,NA,0,0,0.91,NA,NA,NA,NA,2.56,0.88,NA,0.8,1.73,NA,1.49,NA,2.19,NA,0.7,NA,NA,NA,NA,NA,NA,NA,NA,NA,NA,NA,1.38,NA,NA,NA,2.04,1.05,NA,NA,NA,NA,1.33,NA,NA,NA,NA,NA,NA,NA,1.25,NA,2.3,NA,NA,2.1,NA,NA,0.99,NA,NA,NA,1.81,NA,NA,NA,NA,NA,NA,NA,NA,2.49,4.03,1.41,1.48,1.35,1.87,1.94,1.24,NA,1.24,1.63,0.86,1.22,1.56,0.97,0.98,1.16,1.73,0.94,0.91,1.15,1.19,1.36,1.71,1.75,0.94,NA,1.44,1.71,1.3,2.5,1.44,1.62,1.52,1.29,1.63,1.31,0.86,1.14,1.01,1.73,1.29,
Dataset/TF/F_(3)/My_Precious_Data__Digital_clutter_and_its_dangers.txt,0,NA,NA,NA,1.73,NA,NA,0.93,NA,NA,NA,0.89,1.04,NA,1.44,NA,1.6,NA,NA,NA,3.27,NA,NA,NA,0.95,NA,1.67,NA,1.87,NA,NA,NA,NA,NA,0.92,NA,0,0,0.91,NA,NA,NA,NA,2.55,0.87,NA,0.8,1.73,NA,1.49,NA,2.19,NA,0.7,NA,NA,NA,NA,NA,NA,NA,NA,NA,NA,NA,1.39,NA,NA,NA,2.07,1.05,NA,NA,NA,NA,1.33,NA,NA,NA,NA,NA,NA,NA,1.26,NA,2.29,NA,NA,2.09,NA,NA,0.99,NA,NA,NA,1.83,NA,NA,NA,NA,NA,NA,NA,NA,2.52,4.03,1.44,1.48,1.35,1.87,1.97,1.24,NA,1.25,1.63,0.85,1.23,1.57,0.97,0.98,1.15,1.74,0.94,0.92,1.15,1.2,1.36,1.7,1.74,0.94,NA,1.43,1.73,1.29,2.52,1.44,1.62,1.54,1.29,1.63,1.3,0.86,1.14,1.01,1.73,1.29,
Dataset/TF/F_(3)/No_More_Ransom_saves_the_day.txt,0,NA,NA,NA,1.99,NA,NA,1.32,NA,NA,NA,1.22,1.11,NA,1.28,NA,1.55,NA,NA,NA,2.5,NA,NA,NA,1.41,NA,1.06,NA,0.88,NA,NA,NA,NA,NA,1.12,NA,0.91,0.91,0,NA,NA,NA,NA,3.23,1.56,NA,1.28,1.92,NA,1.58,NA,1.46,NA,1.46,NA,NA,NA,NA,NA,NA,NA,NA,NA,NA,NA,1.61,NA,NA,NA,1.74,1.56,NA,NA,NA,NA,1.07,NA,NA,NA,NA,NA,NA,NA,1.31,NA,2.1,NA,NA,2.37,NA,NA,1.19,NA,NA,NA,1.89,NA,NA,NA,NA,NA,NA,NA,NA,1.77,2.57,1.32,1.58,3.22,2.92,2.52,1.87,NA,1.28,0.99,1.58,1.17,1.31,1.53,1.06,1.22,1.71,1.71,1.42,1.52,1.56,1.22,2.11,3.08,1.44,NA,1.46,2.11,1.3,2.75,1.11,1.49,2.39,1.13,1.56,1.52,1.69,1.42,1.39,2.12,1.33,
Dataset/TF/F_(3)/Watching_the_World_Cup_or_Downloading_Nasty_Adware_.txt,0,NA,NA,NA,3.76,NA,NA,1.95,NA,NA,NA,2.84,1.87,NA,5.31,NA,2.95,NA,NA,NA,3.93,NA,NA,NA,4.21,NA,2.67,NA,2.76,NA,NA,NA,NA,NA,3.72,NA,2.56,2.55,3.23,NA,NA,NA,NA,0,2.3,NA,2.06,2.86,NA,3.64,NA,3.35,NA,3.45,NA,NA,NA,NA,NA,NA,NA,NA,NA,NA,NA,2.84,NA,NA,NA,3.65,3.32,NA,NA,NA,NA,3.16,NA,NA,NA,NA,NA,NA,NA,3.53,NA,1.8,NA,NA,3.92,NA,NA,1.95,NA,NA,NA,3.02,NA,NA,NA,NA,NA,NA,NA,NA,2.53,1.4,2.1,2.7,2.44,2.28,3.62,1.98,NA,3.89,2.28,2.3,2.53,2.64,3.71,1.95,2.87,3.44,6.38,3.57,4.07,2.58,8.14,3.82,2.19,3.15,NA,3.1,2.89,3.28,4.11,2.1,4.27,3.67,2.98,4.15,2.51,3.45,3.1,3.17,3.73,2.52,
Dataset/TF/F_(3)/What_are_exploits_and_why_they_are_so_scary_.txt,0,NA,NA,NA,2.36,NA,NA,1.19,NA,NA,NA,1.51,1,NA,1.69,NA,1.79,NA,NA,NA,3.46,NA,NA,NA,0.88,NA,1.28,NA,1.03,NA,NA,NA,NA,NA,1.32,NA,0.88,0.87,1.56,NA,NA,NA,NA,2.3,0,NA,0.91,1.51,NA,2.18,NA,3.43,NA,1.01,NA,NA,NA,NA,NA,NA,NA,NA,NA,NA,NA,1.07,NA,NA,NA,1.61,1.57,NA,NA,NA,NA,1.43,NA,NA,NA,NA,NA,NA,NA,0.9,NA,1.9,NA,NA,2.34,NA,NA,1.15,NA,NA,NA,1.51,NA,NA,NA,NA,NA,NA,NA,NA,1.2,2.99,1.28,1.47,1.79,1.31,1.16,0.96,NA,0.89,1.16,0.01,0.78,1.14,1.18,1.66,1.09,1.31,0.89,1.11,1.49,1.58,1.22,1.18,1.31,1.21,NA,1.07,1.3,1.11,2.36,1.44,1.01,0.94,1.05,1.19,1.05,0.8,1.04,0.86,1.41,0.84,
Dataset/TF/F_(4)/Deceive_in_order_to_detect.txt,0,NA,NA,NA,3.53,NA,NA,0.95,NA,NA,NA,1.03,1.35,NA,1.39,NA,1.18,NA,NA,NA,5.83,NA,NA,NA,0.85,NA,1.79,NA,1.81,NA,NA,NA,NA,NA,1.06,NA,0.8,0.8,1.28,NA,NA,NA,NA,2.06,0.91,NA,0,1.91,NA,1.32,NA,2.3,NA,0.51,NA,NA,NA,NA,NA,NA,NA,NA,NA,NA,NA,1.47,NA,NA,NA,1.71,1,NA,NA,NA,NA,0.83,NA,NA,NA,NA,NA,NA,NA,1.52,NA,1.59,NA,NA,1.58,NA,NA,1.25,NA,NA,NA,1.13,NA,NA,NA,NA,NA,NA,NA,NA,1.63,3.57,1.67,1.44,2.58,1.36,1.53,1.35,NA,1.19,1.22,0.9,1.29,1.07,0.75,1.39,0.87,1.05,0.99,0.87,1.04,1,1.06,0.93,1.22,1.02,NA,1.02,1.59,0.72,2.11,1.66,0.9,1.44,1.04,1.04,0.98,0.8,0.76,0.74,1.63,0.9,
Dataset/TF/F_(4)/Dissecting_Malware.txt,0,NA,NA,NA,2.71,NA,NA,1.62,NA,NA,NA,1.95,1.68,NA,1.68,NA,1.9,NA,NA,NA,2.01,NA,NA,NA,1.87,NA,2.13,NA,2.25,NA,NA,NA,NA,NA,2.06,NA,1.73,1.73,1.92,NA,NA,NA,NA,2.86,1.51,NA,1.91,0,NA,1.05,NA,2.05,NA,2.87,NA,NA,NA,NA,NA,NA,NA,NA,NA,NA,NA,2.4,NA,NA,NA,2.55,1.86,NA,NA,NA,NA,1.9,NA,NA,NA,NA,NA,NA,NA,2.33,NA,2.1,NA,NA,1.8,NA,NA,1.84,NA,NA,NA,1.85,NA,NA,NA,NA,NA,NA,NA,NA,1.75,3.64,2.18,2.36,1.74,3.49,1.26,1.73,NA,1.48,2.13,1.52,2.09,1.6,1.62,1.77,1.85,1.49,2.36,1.62,2.93,1.67,2.22,3.57,2.29,1.38,NA,1.02,1.67,1.32,1.48,1.42,1.52,1.74,1.95,1.97,2.78,1.91,2.57,1.68,1.18,1.7,
Dataset/TF/F_(4)/How_to_succeed_in_online_investigations_and_digital_forensics.txt,0,NA,NA,NA,1.52,NA,NA,1.92,NA,NA,NA,1.65,1.69,NA,1.95,NA,1.85,NA,NA,NA,4.42,NA,NA,NA,2.45,NA,4.01,NA,3.22,NA,NA,NA,NA,NA,2.05,NA,1.49,1.49,1.58,NA,NA,NA,NA,3.64,2.18,NA,1.32,1.05,NA,0,NA,1.04,NA,1.38,NA,NA,NA,NA,NA,NA,NA,NA,NA,NA,NA,1.9,NA,NA,NA,2.59,1.62,NA,NA,NA,NA,1.64,NA,NA,NA,NA,NA,NA,NA,2.69,NA,3.34,NA,NA,2.15,NA,NA,1.71,NA,NA,NA,2.52,NA,NA,NA,NA,NA,NA,NA,NA,1.85,4.71,3.09,2.09,3.16,2.2,3.04,1.76,NA,1.83,2.36,2.21,2.61,1.8,1.67,1.77,1.88,1.54,2.64,1.61,2.1,1.64,2.01,2.1,1.76,2.23,NA,2.62,2.05,1.44,4.51,2.58,2.57,2.21,2.55,2.4,2.22,2.23,2.39,1.55,1.74,2.14,
Dataset/TF/F_(4)/Rocket_AI_and_the_next_generation_of_AV_software.txt,0,NA,NA,NA,1.96,NA,NA,1.74,NA,NA,NA,1.73,2.56,NA,1.53,NA,2.68,NA,NA,NA,2.66,NA,NA,NA,3.07,NA,2.83,NA,1.59,NA,NA,NA,NA,NA,2.07,NA,2.19,2.19,1.46,NA,NA,NA,NA,3.35,3.43,NA,2.3,2.05,NA,1.04,NA,0,NA,2.89,NA,NA,NA,NA,NA,NA,NA,NA,NA,NA,NA,3.2,NA,NA,NA,4.28,1.8,NA,NA,NA,NA,1.7,NA,NA,NA,NA,NA,NA,NA,2.29,NA,2.08,NA,NA,1.55,NA,NA,1.54,NA,NA,NA,2.3,NA,NA,NA,NA,NA,NA,NA,NA,2.17,2.8,2.71,2.91,3.18,3.48,3.53,1.73,NA,2.77,2.43,3.32,2,3.19,3.5,1.59,3.18,3.2,3.56,3.2,4.76,3.42,3.21,1.91,2.79,3.55,NA,2.07,3.85,3.61,2.85,2.55,2.51,6.14,2.89,2.5,1.9,3.71,2.84,2.93,4.09,1.92,
Dataset/TF/F_(4)/The_Mistakes_of_Smart_Medicine.txt,0,NA,NA,NA,2.3,NA,NA,1.35,NA,NA,NA,1.22,1.49,NA,1.31,NA,1.58,NA,NA,NA,3.62,NA,NA,NA,0.96,NA,1.76,NA,2.77,NA,NA,NA,NA,NA,1.18,NA,0.7,0.7,1.46,NA,NA,NA,NA,3.45,1.01,NA,0.51,2.87,NA,1.38,NA,2.89,NA,0,NA,NA,NA,NA,NA,NA,NA,NA,NA,NA,NA,1.84,NA,NA,NA,1.86,1.4,NA,NA,NA,NA,1.62,NA,NA,NA,NA,NA,NA,NA,1.65,NA,2.19,NA,NA,2.13,NA,NA,1.63,NA,NA,NA,1.43,NA,NA,NA,NA,NA,NA,NA,NA,3.15,3.98,2.25,1.99,2.26,1.46,2.33,1.27,NA,1.45,1.84,0.99,1.45,1.91,0.96,1.38,0.8,1.37,1.08,0.95,0.95,0.93,1.52,1.47,1.56,1.24,NA,1.75,2.27,1.14,3.41,1.91,1.36,1.76,1.47,1.29,1.22,0.75,0.91,0.89,1.96,1.37,
Dataset/TF/F_(5)/WikiLeaks_Dump_Shows_CIA_Interdiction_of_iPhone_Supply_Chain.txt,0,NA,NA,NA,1.97,NA,NA,1.54,NA,NA,NA,1.63,2.17,NA,2.45,NA,1.86,NA,NA,NA,4.11,NA,NA,NA,1.35,NA,1.89,NA,2.91,NA,NA,NA,NA,NA,2.4,NA,1.38,1.39,1.61,NA,NA,NA,NA,2.84,1.07,NA,1.47,2.4,NA,1.9,NA,3.2,NA,1.84,NA,NA,NA,NA,NA,NA,NA,NA,NA,NA,NA,0,NA,NA,NA,1.49,1.85,NA,NA,NA,NA,1.57,NA,NA,NA,NA,NA,NA,NA,1.55,NA,2.52,NA,NA,2.58,NA,NA,2.22,NA,NA,NA,1.77,NA,NA,NA,NA,NA,NA,NA,NA,1.65,3.75,2.53,1.81,1.23,1.55,1.6,0.98,NA,1.42,1.54,1.07,1.5,2.87,1.25,1.35,1.64,1.85,1.53,1.57,2.09,1.52,1.25,1.64,1.97,1.09,NA,1.25,0.84,1.36,1.54,1.46,1.27,1.36,2.33,2.04,1.66,1.56,1.86,1.42,1.67,1.92,
Dataset/TF/F_(6)/Another_Challenge_For_IoT_Open_Backdoors.txt,0,NA,NA,NA,2.1,NA,NA,2.74,NA,NA,NA,2.3,2.48,NA,2.51,NA,2.22,NA,NA,NA,2.68,NA,NA,NA,1.88,NA,3.32,NA,3,NA,NA,NA,NA,NA,3.42,NA,2.04,2.07,1.74,NA,NA,NA,NA,3.65,1.61,NA,1.71,2.55,NA,2.59,NA,4.28,NA,1.86,NA,NA,NA,NA,NA,NA,NA,NA,NA,NA,NA,1.49,NA,NA,NA,0,2.35,NA,NA,NA,NA,2.5,NA,NA,NA,NA,NA,NA,NA,1.26,NA,2.1,NA,NA,1.73,NA,NA,2.52,NA,NA,NA,2.48,NA,NA,NA,NA,NA,NA,NA,NA,3.19,9.63,2.28,1.19,3.5,2.28,3.07,2.39,NA,2.93,3.11,1.62,3.09,4.87,2.31,3.37,2.85,3.41,5.06,2.83,2.53,4.24,3.37,3.77,2.22,1.69,NA,3.02,2.44,3.75,2.05,3.95,3.29,3.55,2.16,2.04,2.36,2.82,3.56,2.48,1.71,3.31,
Dataset/TF/F_(6)/CTO_Insights_The_General_Data_Protection_Regulation_(GDPR)_Is_Coming-_What_Now.txt,0,NA,NA,NA,2.71,NA,NA,1.61,NA,NA,NA,1.26,1.25,NA,1.21,NA,1.57,NA,NA,NA,2.28,NA,NA,NA,1.72,NA,1.45,NA,2.36,NA,NA,NA,NA,NA,1.54,NA,1.05,1.05,1.56,NA,NA,NA,NA,3.32,1.57,NA,1,1.86,NA,1.62,NA,1.8,NA,1.4,NA,NA,NA,NA,NA,NA,NA,NA,NA,NA,NA,1.85,NA,NA,NA,2.35,0,NA,NA,NA,NA,1.12,NA,NA,NA,NA,NA,NA,NA,1.73,NA,1.46,NA,NA,1.12,NA,NA,1.2,NA,NA,NA,1.17,NA,NA,NA,NA,NA,NA,NA,NA,3.91,3.48,2.56,1.94,2.51,2.13,2.91,1.72,NA,1.36,1.82,1.77,1.91,2.52,1.38,1.9,1.59,1.54,1.91,1.96,2.09,2.12,1.92,1.97,3.65,1.6,NA,2.58,2.1,1.49,3.57,2,2.7,2.82,1.12,1.82,1.35,1.84,1.91,1.75,1.57,1.36,
Dataset/TF/F_(6)/Five_Cybersecurity_Resolutions_Every_CISO_Should_Have_On_Their_List.txt,0,NA,NA,NA,2.65,NA,NA,2.15,NA,NA,NA,1.11,1.44,NA,1.11,NA,0.95,NA,NA,NA,3.37,NA,NA,NA,1.24,NA,2.03,NA,1.46,NA,NA,NA,NA,NA,1.87,NA,1.33,1.33,1.07,NA,NA,NA,NA,3.16,1.43,NA,0.83,1.9,NA,1.64,NA,1.7,NA,1.62,NA,NA,NA,NA,NA,NA,NA,NA,NA,NA,NA,1.57,NA,NA,NA,2.5,1.12,NA,NA,NA,NA,0,NA,NA,NA,NA,NA,NA,NA,1.64,NA,2.03,NA,NA,1.04,NA,NA,1.31,NA,NA,NA,0.73,NA,NA,NA,NA,NA,NA,NA,NA,2.13,3.92,1.77,1.98,2,1.78,2.2,2.08,NA,1.53,1.77,1.39,1.36,1.89,1.42,1.3,1.15,1.26,1.45,1.38,1.99,1.13,1.28,1.26,2.05,1.28,NA,1.45,1.93,1.1,2.31,2.1,1.4,2.12,0.72,1.14,1.15,1.02,1.12,0.92,2.5,0.77,
Dataset/TF/F_(6)/Mediaserver_Vulnerabilities_Highlight_Android’s_March_Security_Bulletin.txt,0,NA,NA,NA,3.38,NA,NA,1.64,NA,NA,NA,1.55,1.24,NA,2.7,NA,2.68,NA,NA,NA,3.5,NA,NA,NA,1.27,NA,2.83,NA,1.9,NA,NA,NA,NA,NA,2.93,NA,1.25,1.26,1.31,NA,NA,NA,NA,3.53,0.9,NA,1.52,2.33,NA,2.69,NA,2.29,NA,1.65,NA,NA,NA,NA,NA,NA,NA,NA,NA,NA,NA,1.55,NA,NA,NA,1.26,1.73,NA,NA,NA,NA,1.64,NA,NA,NA,NA,NA,NA,NA,0,NA,1.39,NA,NA,3.91,NA,NA,1.37,NA,NA,NA,1.85,NA,NA,NA,NA,NA,NA,NA,NA,2.3,3.76,1.85,1.29,2.09,2.07,2.63,2.39,NA,1.81,2.65,0.93,2.33,1.39,1.75,1.65,1.57,2.06,2.42,2.43,2.44,4.45,2.22,3.17,1.74,1.31,NA,2.01,1.27,2.44,2.18,1.39,1.57,2.17,1.33,1.41,1.49,1.6,1.61,1.53,3.15,1.23,
Dataset/TF/F_(6)/Moving_To_Serverless_Cloud_Apps.txt,0,NA,NA,NA,3.24,NA,NA,3.13,NA,NA,NA,1.8,1.28,NA,1.32,NA,1.61,NA,NA,NA,2.36,NA,NA,NA,1.61,NA,3.14,NA,1.67,NA,NA,NA,NA,NA,2.71,NA,2.3,2.29,2.1,NA,NA,NA,NA,1.8,1.9,NA,1.59,2.1,NA,3.34,NA,2.08,NA,2.19,NA,NA,NA,NA,NA,NA,NA,NA,NA,NA,NA,2.52,NA,NA,NA,2.1,1.46,NA,NA,NA,NA,2.03,NA,NA,NA,NA,NA,NA,NA,1.39,NA,0,NA,NA,0.99,NA,NA,1.38,NA,NA,NA,2.24,NA,NA,NA,NA,NA,NA,NA,NA,3.13,3.75,2.65,2.31,4.21,3.19,3.52,2.07,NA,2.97,3.14,1.88,3.68,2.67,2.09,1.28,2.09,2.28,2.94,3.19,3,3.32,1.96,2.68,3.69,1.93,NA,2.52,3.28,3.18,4.86,5.01,3.69,3.13,1.4,2.9,1,2.99,2.36,2.61,1.73,1.82,
Dataset/TF/F_(6)/Server_security-_that_stands_the_test_of_time.txt,0,NA,NA,NA,1.72,NA,NA,1.97,NA,NA,NA,1.83,1.37,NA,1.51,NA,1.3,NA,NA,NA,1.94,NA,NA,NA,2.02,NA,1.93,NA,1.82,NA,NA,NA,NA,NA,1.71,NA,2.1,2.09,2.37,NA,NA,NA,NA,3.92,2.34,NA,1.58,1.8,NA,2.15,NA,1.55,NA,2.13,NA,NA,NA,NA,NA,NA,NA,NA,NA,NA,NA,2.58,NA,NA,NA,1.73,1.12,NA,NA,NA,NA,1.04,NA,NA,NA,NA,NA,NA,NA,3.91,NA,0.99,NA,NA,0,NA,NA,1.75,NA,NA,NA,1.55,NA,NA,NA,NA,NA,NA,NA,NA,2.82,3.04,2.87,4.41,3.95,2.3,1.93,2.57,NA,1.43,2.21,2.22,2.1,2.35,2.75,1.36,2.18,1.89,2.39,1.8,2.12,1.3,2.71,2.66,2.43,1.64,NA,3.4,1.71,1.63,2.97,3.38,2.62,2.23,1.04,1.51,1.65,2,1.86,1.88,3.41,1.38,
Dataset/TF/F_(6)/Stolen_Memories-_Why_cyber_thieves_attack_personal_over_financial_data.txt,0,NA,NA,NA,3.22,NA,NA,1.42,NA,NA,NA,1.04,1.52,NA,1.53,NA,1.52,NA,NA,NA,3.85,NA,NA,NA,1.36,NA,1.71,NA,1.18,NA,NA,NA,NA,NA,1.86,NA,0.99,0.99,1.19,NA,NA,NA,NA,1.95,1.15,NA,1.25,1.84,NA,1.71,NA,1.54,NA,1.63,NA,NA,NA,NA,NA,NA,NA,NA,NA,NA,NA,2.22,NA,NA,NA,2.52,1.2,NA,NA,NA,NA,1.31,NA,NA,NA,NA,NA,NA,NA,1.37,NA,1.38,NA,NA,1.75,NA,NA,0,NA,NA,NA,1.22,NA,NA,NA,NA,NA,NA,NA,NA,1.72,3.09,1.83,2.64,2.18,1.92,2.09,1.85,NA,1.18,1.16,1.09,1.04,1.62,1.6,1.63,1.48,2.67,2.25,1.58,2.96,2.18,1.9,1.91,1.94,1.28,NA,1.44,2.37,1.69,3.56,1.35,1.61,1.66,1.41,1.48,1.8,1.64,1.41,1.42,1.46,1,
Dataset/TF/F_(6)/Threat_Actors_will_come_up_with_new_Targeted_Attack_Tactics_that_Circumvent_Current_Anti-evasion_Solutions.txt,0,NA,NA,NA,3.54,NA,NA,1.63,NA,NA,NA,1.54,1.64,NA,1.53,NA,1.73,NA,NA,NA,2.74,NA,NA,NA,1.45,NA,1.48,NA,2.08,NA,NA,NA,NA,NA,2.28,NA,1.81,1.83,1.89,NA,NA,NA,NA,3.02,1.51,NA,1.13,1.85,NA,2.52,NA,2.3,NA,1.43,NA,NA,NA,NA,NA,NA,NA,NA,NA,NA,NA,1.77,NA,NA,NA,2.48,1.17,NA,NA,NA,NA,0.73,NA,NA,NA,NA,NA,NA,NA,1.85,NA,2.24,NA,NA,1.55,NA,NA,1.22,NA,NA,NA,0,NA,NA,NA,NA,NA,NA,NA,NA,1.63,2.8,1.95,2.3,2.22,1.65,1.56,1.67,NA,1.15,1.55,1.4,2.13,2.06,1.53,1.61,1.27,1.24,1.73,1.48,1.94,1.65,1.28,1.52,2.13,1.4,NA,1.37,1.26,1.15,1.7,1.33,1.3,1.56,0.93,1.25,1.5,1.35,1.3,1.07,1.49,0.81,
Dataset/TF/T/Malware_campaign_targets_open_source_developers_on_GitHub.txt,1,NA,NA,NA,2.62,NA,NA,1.9,NA,NA,NA,1.97,2.53,NA,2.44,NA,4.07,NA,NA,NA,3.92,NA,NA,NA,1.59,NA,2.83,NA,1.4,NA,NA,NA,NA,NA,3.09,NA,2.49,2.52,1.77,NA,NA,NA,NA,2.53,1.2,NA,1.63,1.75,NA,1.85,NA,2.17,NA,3.15,NA,NA,NA,NA,NA,NA,NA,NA,NA,NA,NA,1.65,NA,NA,NA,3.19,3.91,NA,NA,NA,NA,2.13,NA,NA,NA,NA,NA,NA,NA,2.3,NA,3.13,NA,NA,2.82,NA,NA,1.72,NA,NA,NA,1.63,NA,NA,NA,NA,NA,NA,NA,NA,0,1.91,1.54,2.11,1.28,1.65,1.52,1.1,NA,1.09,1.42,1.21,1.82,1.97,1.73,2.01,1.97,1.8,1.9,1.97,2.74,2.23,1.94,1.46,1.38,1.54,NA,0.83,1.14,1.74,2.04,1.43,1.08,1.07,1.89,1.5,2.15,2.39,1.76,1.7,1.04,1.54,
Dataset/TF/T/Phishers_target_World_of_Warcraft_users_with_fake_in-game_pet_offer.txt,1,NA,NA,NA,2.95,NA,NA,2.08,NA,NA,NA,2.63,3.5,NA,4.35,NA,4.29,NA,NA,NA,3.69,NA,NA,NA,3.88,NA,2.75,NA,1.87,NA,NA,NA,NA,NA,2.75,NA,4.03,4.03,2.57,NA,NA,NA,NA,1.4,2.99,NA,3.57,3.64,NA,4.71,NA,2.8,NA,3.98,NA,NA,NA,NA,NA,NA,NA,NA,NA,NA,NA,3.75,NA,NA,NA,9.63,3.48,NA,NA,NA,NA,3.92,NA,NA,NA,NA,NA,NA,NA,3.76,NA,3.75,NA,NA,3.04,NA,NA,3.09,NA,NA,NA,2.8,NA,NA,NA,NA,NA,NA,NA,NA,1.91,0,2.19,3.46,4.23,1.72,2.55,2.09,NA,3.48,2.84,3,3.67,3.6,2.96,2.51,5.79,4.33,3.52,3.73,6.28,6.72,3.8,5.55,1.91,3.12,NA,4.58,4.81,5.92,3.29,1.82,1.71,5.71,2.61,2.17,1.77,3.86,3.43,3.56,2.12,1.59,
Dataset/TF/T/Scareware_scammers_lock_iOS_Safari_to_extort_ransom_from_users.txt,1,NA,NA,NA,2.06,NA,NA,0.95,NA,NA,NA,1.55,1.44,NA,2.32,NA,1.85,NA,NA,NA,3.62,NA,NA,NA,2.27,NA,2.75,NA,1.27,NA,NA,NA,NA,NA,2.4,NA,1.41,1.44,1.32,NA,NA,NA,NA,2.1,1.28,NA,1.67,2.18,NA,3.09,NA,2.71,NA,2.25,NA,NA,NA,NA,NA,NA,NA,NA,NA,NA,NA,2.53,NA,NA,NA,2.28,2.56,NA,NA,NA,NA,1.77,NA,NA,NA,NA,NA,NA,NA,1.85,NA,2.65,NA,NA,2.87,NA,NA,1.83,NA,NA,NA,1.95,NA,NA,NA,NA,NA,NA,NA,NA,1.54,2.19,0,1.58,1.78,1.47,0.99,1.81,NA,2.12,1.47,1.29,1.04,1.77,1.51,0.96,2.31,2.47,1.76,1.58,2.44,2.06,2.18,1.9,1.43,1.27,NA,1.17,1.44,1.39,1.7,1.69,1.42,1.25,1.73,1.5,1.56,1.32,1.87,1.47,1.18,1.35,
Dataset/TF/T/Smart_sex_toy's_security_flaws_fulfil_every_hacker's_fantasy,1,NA,NA,NA,1.39,NA,NA,1.2,NA,NA,NA,2.5,1.48,NA,2.25,NA,3.37,NA,NA,NA,2.39,NA,NA,NA,2.21,NA,2.78,NA,2.23,NA,NA,NA,NA,NA,2.93,NA,1.48,1.48,1.58,NA,NA,NA,NA,2.7,1.47,NA,1.44,2.36,NA,2.09,NA,2.91,NA,1.99,NA,NA,NA,NA,NA,NA,NA,NA,NA,NA,NA,1.81,NA,NA,NA,1.19,1.94,NA,NA,NA,NA,1.98,NA,NA,NA,NA,NA,NA,NA,1.29,NA,2.31,NA,NA,4.41,NA,NA,2.64,NA,NA,NA,2.3,NA,NA,NA,NA,NA,NA,NA,NA,2.11,3.46,1.58,0,1.5,2.02,2.76,1.47,NA,2.62,2.16,1.47,2.84,2.89,1.69,2.24,2.2,3.95,2.16,2.39,2.69,2.78,3.36,2,1.37,1,NA,2.43,3.03,2.51,2.3,1.54,2.17,2.68,2.32,2.48,2.58,2.52,2.13,2.27,1.24,2.63,
Dataset/TF/T/Triada_Android_spyware_evades_anti-virus_detection_by_using_DroidPlugin_sandbox.txt,1,NA,NA,NA,1.31,NA,NA,2.05,NA,NA,NA,1.41,2.39,NA,2.74,NA,3.71,NA,NA,NA,3.36,NA,NA,NA,2.02,NA,2.39,NA,1.27,NA,NA,NA,NA,NA,4.87,NA,1.35,1.35,3.22,NA,NA,NA,NA,2.44,1.79,NA,2.58,1.74,NA,3.16,NA,3.18,NA,2.26,NA,NA,NA,NA,NA,NA,NA,NA,NA,NA,NA,1.23,NA,NA,NA,3.5,2.51,NA,NA,NA,NA,2,NA,NA,NA,NA,NA,NA,NA,2.09,NA,4.21,NA,NA,3.95,NA,NA,2.18,NA,NA,NA,2.22,NA,NA,NA,NA,NA,NA,NA,NA,1.28,4.23,1.78,1.5,0,1.44,1.41,1.02,NA,1.32,1.7,1.77,1.35,2.45,1.04,1.38,1.08,1.81,1.58,3.08,2.33,3.52,1.95,1.38,0.83,0.94,NA,1.44,1.33,2.29,1.61,1.91,1.8,2.07,1.84,1.42,1.91,2.03,1.65,1.9,1.43,1.84,
Dataset/TF/T_(2)/Malvertising_and_Exploit_Kits_Still_a_Significant_Threat-_FireEye.txt,1,NA,NA,NA,1.06,NA,NA,0.96,NA,NA,NA,1.31,1.71,NA,2.12,NA,2.86,NA,NA,NA,5.1,NA,NA,NA,1.21,NA,2.36,NA,2.33,NA,NA,NA,NA,NA,3.84,NA,1.87,1.87,2.92,NA,NA,NA,NA,2.28,1.31,NA,1.36,3.49,NA,2.2,NA,3.48,NA,1.46,NA,NA,NA,NA,NA,NA,NA,NA,NA,NA,NA,1.55,NA,NA,NA,2.28,2.13,NA,NA,NA,NA,1.78,NA,NA,NA,NA,NA,NA,NA,2.07,NA,3.19,NA,NA,2.3,NA,NA,1.92,NA,NA,NA,1.65,NA,NA,NA,NA,NA,NA,NA,NA,1.65,1.72,1.47,2.02,1.44,0,1.17,1.36,NA,1.1,1.6,1.29,1.08,2.81,1.41,1.23,1.11,1.53,1.59,1.71,1.46,1.52,1.68,1.52,1.04,1.79,NA,1.33,1.5,1.6,2.05,2.1,1.14,1.07,1.26,1.16,0.8,0.9,1.3,0.97,1.37,1.4,
Dataset/TF/T_(2)/Neutrino_Bot_Gets_Protective_Loader.txt,1,NA,NA,NA,6.87,NA,NA,2.58,NA,NA,NA,2.08,1.8,NA,1.42,NA,4.48,NA,NA,NA,3.38,NA,NA,NA,1.63,NA,2.44,NA,1.87,NA,NA,NA,NA,NA,1.97,NA,1.94,1.97,2.52,NA,NA,NA,NA,3.62,1.16,NA,1.53,1.26,NA,3.04,NA,3.53,NA,2.33,NA,NA,NA,NA,NA,NA,NA,NA,NA,NA,NA,1.6,NA,NA,NA,3.07,2.91,NA,NA,NA,NA,2.2,NA,NA,NA,NA,NA,NA,NA,2.63,NA,3.52,NA,NA,1.93,NA,NA,2.09,NA,NA,NA,1.56,NA,NA,NA,NA,NA,NA,NA,NA,1.52,2.55,0.99,2.76,1.41,1.17,0,1.81,NA,1.42,1.27,1.12,1.22,1.94,1.22,1.8,1.17,1.02,1.02,1.86,1.64,1.46,1.35,2.39,1.87,1.39,NA,1.27,0.85,1.04,0.88,1.34,1.2,0.88,1.1,1.34,1.55,1.08,1.43,1.14,0.95,1.52,
Dataset/TF/T_(3)/Allegedly_40_apps_on_App_Store_are_infected.txt,1,NA,NA,NA,1.21,NA,NA,1.35,NA,NA,NA,1.43,1.63,NA,2.45,NA,2.47,NA,NA,NA,3.27,NA,NA,NA,1.46,NA,1.1,NA,1.17,NA,NA,NA,NA,NA,2.51,NA,1.24,1.24,1.87,NA,NA,NA,NA,1.98,0.96,NA,1.35,1.73,NA,1.76,NA,1.73,NA,1.27,NA,NA,NA,NA,NA,NA,NA,NA,NA,NA,NA,0.98,NA,NA,NA,2.39,1.72,NA,NA,NA,NA,2.08,NA,NA,NA,NA,NA,NA,NA,2.39,NA,2.07,NA,NA,2.57,NA,NA,1.85,NA,NA,NA,1.67,NA,NA,NA,NA,NA,NA,NA,NA,1.1,2.09,1.81,1.47,1.02,1.36,1.81,0,NA,1.29,1.4,0.96,0.88,1.83,1.12,1.11,1.4,2.18,1.8,1.81,2.03,2.16,1.93,1.4,1.14,1.28,NA,1.39,1.37,1.87,2.41,1.52,1.58,1.96,2.09,1.17,1.58,1.7,1.57,1.45,1.67,1.49,
Dataset/TF/T_(3)/Naikon_APT_steals_geopolitical_data_from_the_South_China_Sea.txt,1,NA,NA,NA,1.9,NA,NA,1.63,NA,NA,NA,1.31,1.38,NA,1.19,NA,2.03,NA,NA,NA,3.85,NA,NA,NA,1.21,NA,1.65,NA,1.22,NA,NA,NA,NA,NA,1.61,NA,1.24,1.25,1.28,NA,NA,NA,NA,3.89,0.89,NA,1.19,1.48,NA,1.83,NA,2.77,NA,1.45,NA,NA,NA,NA,NA,NA,NA,NA,NA,NA,NA,1.42,NA,NA,NA,2.93,1.36,NA,NA,NA,NA,1.53,NA,NA,NA,NA,NA,NA,NA,1.81,NA,2.97,NA,NA,1.43,NA,NA,1.18,NA,NA,NA,1.15,NA,NA,NA,NA,NA,NA,NA,NA,1.09,3.48,2.12,2.62,1.32,1.1,1.42,1.29,NA,0,1.25,0.87,1.27,1.17,1.06,1.37,1.43,0.88,1.06,1.31,1.98,1.26,1.13,1.62,1.04,1.11,NA,0.85,1.53,0.88,1.57,1.06,0.84,1.24,1.07,1.11,1.27,1.18,1.44,1.16,1.02,1.04,
Dataset/TF/T_(3)/TeslaCrypt_2.0_ransomware__stronger_and_more_dangerous.txt,1,NA,NA,NA,2.31,NA,NA,1.59,NA,NA,NA,1.61,1.36,NA,1.49,NA,3.36,NA,NA,NA,2.77,NA,NA,NA,1.43,NA,1.2,NA,0.58,NA,NA,NA,NA,NA,1.93,NA,1.63,1.63,0.99,NA,NA,NA,NA,2.28,1.16,NA,1.22,2.13,NA,2.36,NA,2.43,NA,1.84,NA,NA,NA,NA,NA,NA,NA,NA,NA,NA,NA,1.54,NA,NA,NA,3.11,1.82,NA,NA,NA,NA,1.77,NA,NA,NA,NA,NA,NA,NA,2.65,NA,3.14,NA,NA,2.21,NA,NA,1.16,NA,NA,NA,1.55,NA,NA,NA,NA,NA,NA,NA,NA,1.42,2.84,1.47,2.16,1.7,1.6,1.27,1.4,NA,1.25,0,1.16,0.74,0.85,1.37,1.84,1.17,1.2,1.18,1.49,2.19,1.65,0.96,1.63,1.36,2.24,NA,0.97,1.21,1.17,1.4,1.07,1.17,1.35,1.11,0.99,1.73,1.26,1.59,1.73,1.24,0.9,
Dataset/TF/T_(3)/What_are_exploits_and_why_they_are_so_scary.txt,1,NA,NA,NA,2.37,NA,NA,1.19,NA,NA,NA,1.51,1,NA,1.65,NA,1.79,NA,NA,NA,3.86,NA,NA,NA,0.85,NA,1.31,NA,1.03,NA,NA,NA,NA,NA,1.32,NA,0.86,0.85,1.58,NA,NA,NA,NA,2.3,0.01,NA,0.9,1.52,NA,2.21,NA,3.32,NA,0.99,NA,NA,NA,NA,NA,NA,NA,NA,NA,NA,NA,1.07,NA,NA,NA,1.62,1.77,NA,NA,NA,NA,1.39,NA,NA,NA,NA,NA,NA,NA,0.93,NA,1.88,NA,NA,2.22,NA,NA,1.09,NA,NA,NA,1.4,NA,NA,NA,NA,NA,NA,NA,NA,1.21,3,1.29,1.47,1.77,1.29,1.12,0.96,NA,0.87,1.16,0,0.8,1.17,1.16,1.65,1.07,1.33,0.89,1.11,1.5,1.56,1.19,1.19,1.32,1.18,NA,1.07,1.3,1.11,2.26,1.44,0.98,0.94,1.11,1.2,1.04,0.77,1.02,0.84,1.37,0.84,
Dataset/TF/T_(3)/ZCryptor__The_conqueror_worm.txt,1,NA,NA,NA,1.65,NA,NA,1.56,NA,NA,NA,1.45,1.31,NA,1.44,NA,2.63,NA,NA,NA,3.48,NA,NA,NA,1.1,NA,0.94,NA,0.6,NA,NA,NA,NA,NA,1.15,NA,1.22,1.23,1.17,NA,NA,NA,NA,2.53,0.78,NA,1.29,2.09,NA,2.61,NA,2,NA,1.45,NA,NA,NA,NA,NA,NA,NA,NA,NA,NA,NA,1.5,NA,NA,NA,3.09,1.91,NA,NA,NA,NA,1.36,NA,NA,NA,NA,NA,NA,NA,2.33,NA,3.68,NA,NA,2.1,NA,NA,1.04,NA,NA,NA,2.13,NA,NA,NA,NA,NA,NA,NA,NA,1.82,3.67,1.04,2.84,1.35,1.08,1.22,0.88,NA,1.27,0.74,0.8,0,0.9,1.37,1.56,1.01,1.68,1.31,1.27,1.93,1.82,1.41,0.99,1.31,1.93,NA,1,1.3,1.03,1.18,1.39,1.05,1.09,0.82,0.97,1.34,1.03,1.52,1.13,1.86,0.68,
Dataset/TF/T_(4)/ATMitch-_remote_administration_of_ATMs.txt,1,NA,NA,NA,2.46,NA,NA,2.21,NA,NA,NA,1.5,1.67,NA,2.49,NA,2.75,NA,NA,NA,4.07,NA,NA,NA,1.1,NA,1.62,NA,1.42,NA,NA,NA,NA,NA,1.6,NA,1.56,1.57,1.31,NA,NA,NA,NA,2.64,1.14,NA,1.07,1.6,NA,1.8,NA,3.19,NA,1.91,NA,NA,NA,NA,NA,NA,NA,NA,NA,NA,NA,2.87,NA,NA,NA,4.87,2.52,NA,NA,NA,NA,1.89,NA,NA,NA,NA,NA,NA,NA,1.39,NA,2.67,NA,NA,2.35,NA,NA,1.62,NA,NA,NA,2.06,NA,NA,NA,NA,NA,NA,NA,NA,1.97,3.6,1.77,2.89,2.45,2.81,1.94,1.83,NA,1.17,0.85,1.17,0.9,0,1.33,2.13,0.72,1.57,1.01,1.28,1.82,1.65,1.47,1.78,1.24,1.62,NA,0.91,1.33,0.59,1.12,1.06,1.11,1.37,1.56,1.23,1.52,1.73,1.42,1.19,1.43,1.19,
Dataset/TF/T_(4)/Breaking_The_Weakest_Link_Of_The_Strongest_Chain.txt,1,NA,NA,NA,1.6,NA,NA,1.91,NA,NA,NA,1.66,1.74,NA,1.93,NA,2.07,NA,NA,NA,4.06,NA,NA,NA,1.45,NA,2.13,NA,2.33,NA,NA,NA,NA,NA,1.78,NA,0.97,0.97,1.53,NA,NA,NA,NA,3.71,1.18,NA,0.75,1.62,NA,1.67,NA,3.5,NA,0.96,NA,NA,NA,NA,NA,NA,NA,NA,NA,NA,NA,1.25,NA,NA,NA,2.31,1.38,NA,NA,NA,NA,1.42,NA,NA,NA,NA,NA,NA,NA,1.75,NA,2.09,NA,NA,2.75,NA,NA,1.6,NA,NA,NA,1.53,NA,NA,NA,NA,NA,NA,NA,NA,1.73,2.96,1.51,1.69,1.04,1.41,1.22,1.12,NA,1.06,1.37,1.16,1.37,1.33,0,1.23,0.82,0.84,0.74,1.16,1.14,0.93,0.79,1.28,1.01,0.92,NA,1.13,0.93,1.06,1.33,1.33,1.04,1.26,1.22,1.01,1.36,0.86,0.78,0.73,1.28,1.08,
Dataset/TF/T_(4)/Expensive_free_apps.txt,1,NA,NA,NA,1.85,NA,NA,1.91,NA,NA,NA,1.22,1.16,NA,1.94,NA,1.98,NA,NA,NA,2.58,NA,NA,NA,1.49,NA,2.26,NA,1.97,NA,NA,NA,NA,NA,2.02,NA,0.98,0.98,1.06,NA,NA,NA,NA,1.95,1.66,NA,1.39,1.77,NA,1.77,NA,1.59,NA,1.38,NA,NA,NA,NA,NA,NA,NA,NA,NA,NA,NA,1.35,NA,NA,NA,3.37,1.9,NA,NA,NA,NA,1.3,NA,NA,NA,NA,NA,NA,NA,1.65,NA,1.28,NA,NA,1.36,NA,NA,1.63,NA,NA,NA,1.61,NA,NA,NA,NA,NA,NA,NA,NA,2.01,2.51,0.96,2.24,1.38,1.23,1.8,1.11,NA,1.37,1.84,1.65,1.56,2.13,1.23,0,1.31,1.43,1.41,1.09,1.78,1.35,1.72,1.97,2.05,0.89,NA,1.22,1.23,1.38,1.88,1.5,1.46,1.46,1.44,1.16,1.14,1.24,1.45,1.34,1.61,1.22,
Dataset/TF/T_(4)/Fileless_attacks_against_enterprise_networks.txt,1,NA,NA,NA,2.48,NA,NA,1.11,NA,NA,NA,1.37,1.41,NA,1.7,NA,2.14,NA,NA,NA,4.28,NA,NA,NA,0.9,NA,1.12,NA,1.56,NA,NA,NA,NA,NA,1.82,NA,1.16,1.15,1.22,NA,NA,NA,NA,2.87,1.09,NA,0.87,1.85,NA,1.88,NA,3.18,NA,0.8,NA,NA,NA,NA,NA,NA,NA,NA,NA,NA,NA,1.64,NA,NA,NA,2.85,1.59,NA,NA,NA,NA,1.15,NA,NA,NA,NA,NA,NA,NA,1.57,NA,2.09,NA,NA,2.18,NA,NA,1.48,NA,NA,NA,1.27,NA,NA,NA,NA,NA,NA,NA,NA,1.97,5.79,2.31,2.2,1.08,1.11,1.17,1.4,NA,1.43,1.17,1.07,1.01,0.72,0.82,1.31,0,0.9,0.79,0.93,1.04,1.24,1.01,1.48,1.45,1.05,NA,0.94,1.19,0.73,2.2,1.24,1.27,1.6,1.03,1.05,1.25,1.01,0.94,0.78,1.34,0.93,
Dataset/TF/T_(4)/From_Shamoon_to_StoneDrill.txt,1,NA,NA,NA,3.85,NA,NA,2.14,NA,NA,NA,1.57,1.9,NA,1.2,NA,1.77,NA,NA,NA,2.55,NA,NA,NA,1.1,NA,2.34,NA,2.8,NA,NA,NA,NA,NA,2.8,NA,1.73,1.74,1.71,NA,NA,NA,NA,3.44,1.31,NA,1.05,1.49,NA,1.54,NA,3.2,NA,1.37,NA,NA,NA,NA,NA,NA,NA,NA,NA,NA,NA,1.85,NA,NA,NA,3.41,1.54,NA,NA,NA,NA,1.26,NA,NA,NA,NA,NA,NA,NA,2.06,NA,2.28,NA,NA,1.89,NA,NA,2.67,NA,NA,NA,1.24,NA,NA,NA,NA,NA,NA,NA,NA,1.8,4.33,2.47,3.95,1.81,1.53,1.02,2.18,NA,0.88,1.2,1.33,1.68,1.57,0.84,1.43,0.9,0,0.94,0.91,0.89,1.08,0.86,1.43,1.9,1.3,NA,0.9,1.08,0.92,1.1,1.96,1.15,1.17,1.56,0.99,1.59,0.9,1.1,0.87,1.62,1.23,
Dataset/TF/T_(4)/KopiLuwak-_A_New_JavaScript_Payload_from_Turla.txt,1,NA,NA,NA,3.4,NA,NA,1.81,NA,NA,NA,1.64,1.44,NA,1.85,NA,2.55,NA,NA,NA,3.84,NA,NA,NA,1.21,NA,2.33,NA,1.65,NA,NA,NA,NA,NA,1.39,NA,0.94,0.94,1.71,NA,NA,NA,NA,6.38,0.89,NA,0.99,2.36,NA,2.64,NA,3.56,NA,1.08,NA,NA,NA,NA,NA,NA,NA,NA,NA,NA,NA,1.53,NA,NA,NA,5.06,1.91,NA,NA,NA,NA,1.45,NA,NA,NA,NA,NA,NA,NA,2.42,NA,2.94,NA,NA,2.39,NA,NA,2.25,NA,NA,NA,1.73,NA,NA,NA,NA,NA,NA,NA,NA,1.9,3.52,1.76,2.16,1.58,1.59,1.02,1.8,NA,1.06,1.18,0.89,1.31,1.01,0.74,1.41,0.79,0.94,0,1.02,0.96,1.15,0.94,1.98,1.73,1.36,NA,1.05,0.97,0.77,1.23,1.3,1.07,1,1.55,1.04,1.54,0.72,0.97,0.85,1.38,0.95,
Dataset/TF/T_(4)/Lazarus_Under_The_Hood.txt,1,NA,NA,NA,2.46,NA,NA,1.3,NA,NA,NA,1.32,1.79,NA,1.55,NA,1.88,NA,NA,NA,4.69,NA,NA,NA,0.89,NA,1.36,NA,2.65,NA,NA,NA,NA,NA,1.11,NA,0.91,0.92,1.42,NA,NA,NA,NA,3.57,1.11,NA,0.87,1.62,NA,1.61,NA,3.2,NA,0.95,NA,NA,NA,NA,NA,NA,NA,NA,NA,NA,NA,1.57,NA,NA,NA,2.83,1.96,NA,NA,NA,NA,1.38,NA,NA,NA,NA,NA,NA,NA,2.43,NA,3.19,NA,NA,1.8,NA,NA,1.58,NA,NA,NA,1.48,NA,NA,NA,NA,NA,NA,NA,NA,1.97,3.73,1.58,2.39,3.08,1.71,1.86,1.81,NA,1.31,1.49,1.11,1.27,1.28,1.16,1.09,0.93,0.91,1.02,0,0.8,0.83,1.3,1.47,1.73,1.09,NA,1.12,1.24,0.65,1.79,1.61,1.23,1.06,1.27,1.18,1.25,0.8,1,0.71,1.81,1.14,
Dataset/TF/T_(4)/New(ish)_Mirai_Spreader_Poses_New_Risks.txt,1,NA,NA,NA,2.33,NA,NA,1.39,NA,NA,NA,1.72,1.61,NA,1.95,NA,2.88,NA,NA,NA,3.22,NA,NA,NA,1.49,NA,3.32,NA,2.92,NA,NA,NA,NA,NA,1.53,NA,1.15,1.15,1.52,NA,NA,NA,NA,4.07,1.49,NA,1.04,2.93,NA,2.1,NA,4.76,NA,0.95,NA,NA,NA,NA,NA,NA,NA,NA,NA,NA,NA,2.09,NA,NA,NA,2.53,2.09,NA,NA,NA,NA,1.99,NA,NA,NA,NA,NA,NA,NA,2.44,NA,3,NA,NA,2.12,NA,NA,2.96,NA,NA,NA,1.94,NA,NA,NA,NA,NA,NA,NA,NA,2.74,6.28,2.44,2.69,2.33,1.46,1.64,2.03,NA,1.98,2.19,1.5,1.93,1.82,1.14,1.78,1.04,0.89,0.96,0.8,0,1.04,1.41,2.29,2.23,1.76,NA,1.78,1.4,1.57,1.94,1.74,1.53,1.44,1.4,1.32,1.23,0.89,1.15,0.99,2.38,1.84,
Dataset/TF/T_(4)/Penquin’s_Moonlit_Maze.txt,1,NA,NA,NA,2.95,NA,NA,1.32,NA,NA,NA,1.73,1.98,NA,1.92,NA,1.89,NA,NA,NA,5.72,NA,NA,NA,1.39,NA,2.97,NA,3.05,NA,NA,NA,NA,NA,1.44,NA,1.19,1.2,1.56,NA,NA,NA,NA,2.58,1.58,NA,1,1.67,NA,1.64,NA,3.42,NA,0.93,NA,NA,NA,NA,NA,NA,NA,NA,NA,NA,NA,1.52,NA,NA,NA,4.24,2.12,NA,NA,NA,NA,1.13,NA,NA,NA,NA,NA,NA,NA,4.45,NA,3.32,NA,NA,1.3,NA,NA,2.18,NA,NA,NA,1.65,NA,NA,NA,NA,NA,NA,NA,NA,2.23,6.72,2.06,2.78,3.52,1.52,1.46,2.16,NA,1.26,1.65,1.56,1.82,1.65,0.93,1.35,1.24,1.08,1.15,0.83,1.04,0,1.06,1.37,1.62,1.6,NA,1.15,1.36,0.79,2.4,1.4,1.39,1.4,2.17,1.19,1.58,0.87,1.2,0.93,1.79,1.67,
Dataset/TF/T_(4)/Previously_unknown_ransomware_technique.txt,1,NA,NA,NA,3.34,NA,NA,1.8,NA,NA,NA,1.45,2.67,NA,1.42,NA,2.95,NA,NA,NA,5.2,NA,NA,NA,1.16,NA,1.96,NA,1.55,NA,NA,NA,NA,NA,2.17,NA,1.36,1.36,1.22,NA,NA,NA,NA,8.14,1.22,NA,1.06,2.22,NA,2.01,NA,3.21,NA,1.52,NA,NA,NA,NA,NA,NA,NA,NA,NA,NA,NA,1.25,NA,NA,NA,3.37,1.92,NA,NA,NA,NA,1.28,NA,NA,NA,NA,NA,NA,NA,2.22,NA,1.96,NA,NA,2.71,NA,NA,1.9,NA,NA,NA,1.28,NA,NA,NA,NA,NA,NA,NA,NA,1.94,3.8,2.18,3.36,1.95,1.68,1.35,1.93,NA,1.13,0.96,1.19,1.41,1.47,0.79,1.72,1.01,0.86,0.94,1.3,1.41,1.06,0,0.95,1.36,1.57,NA,1.33,1.12,1.12,1.64,1.68,1.29,1.51,1.56,0.85,1.36,1.32,1.19,1.04,1.2,1.56,
Dataset/TF/T_(4)/Ransomware_in_targeted_attacks.txt,1,NA,NA,NA,2.49,NA,NA,1.75,NA,NA,NA,2.29,2.34,NA,1.88,NA,3.51,NA,NA,NA,7.1,NA,NA,NA,1.8,NA,1.85,NA,1.59,NA,NA,NA,NA,NA,2.39,NA,1.71,1.7,2.11,NA,NA,NA,NA,3.82,1.18,NA,0.93,3.57,NA,2.1,NA,1.91,NA,1.47,NA,NA,NA,NA,NA,NA,NA,NA,NA,NA,NA,1.64,NA,NA,NA,3.77,1.97,NA,NA,NA,NA,1.26,NA,NA,NA,NA,NA,NA,NA,3.17,NA,2.68,NA,NA,2.66,NA,NA,1.91,NA,NA,NA,1.52,NA,NA,NA,NA,NA,NA,NA,NA,1.46,5.55,1.9,2,1.38,1.52,2.39,1.4,NA,1.62,1.63,1.19,0.99,1.78,1.28,1.97,1.48,1.43,1.98,1.47,2.29,1.37,0.95,0,1.07,1.29,NA,1.14,2.15,1.12,2.02,1.77,1.37,1.58,1.26,1.22,1.22,1.33,1.58,1.36,1.65,1.71,
Dataset/TF/T_(5)/Android_Trojan_Switcher_Infects_Routers_via_DNS_Hijacking.txt,1,NA,NA,NA,0.97,NA,NA,1.67,NA,NA,NA,1.24,2,NA,2.82,NA,2.64,NA,NA,NA,2.08,NA,NA,NA,1.62,NA,1.85,NA,1.1,NA,NA,NA,NA,NA,3.07,NA,1.75,1.74,3.08,NA,NA,NA,NA,2.19,1.31,NA,1.22,2.29,NA,1.76,NA,2.79,NA,1.56,NA,NA,NA,NA,NA,NA,NA,NA,NA,NA,NA,1.97,NA,NA,NA,2.22,3.65,NA,NA,NA,NA,2.05,NA,NA,NA,NA,NA,NA,NA,1.74,NA,3.69,NA,NA,2.43,NA,NA,1.94,NA,NA,NA,2.13,NA,NA,NA,NA,NA,NA,NA,NA,1.38,1.91,1.43,1.37,0.83,1.04,1.87,1.14,NA,1.04,1.36,1.32,1.31,1.24,1.01,2.05,1.45,1.9,1.73,1.73,2.23,1.62,1.36,1.07,0,1.11,NA,1.16,1.04,1.24,2.1,0.98,1.09,1.44,1.54,1.14,1.22,1.48,1.4,1.48,1.14,1.18,
Dataset/TF/T_(5)/ANDROID_VARIANT_OF_NOTORIOUS_PEGASUS_SPYWARE_FOUND.txt,1,NA,NA,NA,1.4,NA,NA,1.58,NA,NA,NA,1.87,1.54,NA,1.94,NA,2.12,NA,NA,NA,1.38,NA,NA,NA,1.2,NA,1.38,NA,2.12,NA,NA,NA,NA,NA,2.34,NA,0.94,0.94,1.44,NA,NA,NA,NA,3.15,1.21,NA,1.02,1.38,NA,2.23,NA,3.55,NA,1.24,NA,NA,NA,NA,NA,NA,NA,NA,NA,NA,NA,1.09,NA,NA,NA,1.69,1.6,NA,NA,NA,NA,1.28,NA,NA,NA,NA,NA,NA,NA,1.31,NA,1.93,NA,NA,1.64,NA,NA,1.28,NA,NA,NA,1.4,NA,NA,NA,NA,NA,NA,NA,NA,1.54,3.12,1.27,1,0.94,1.79,1.39,1.28,NA,1.11,2.24,1.18,1.93,1.62,0.92,0.89,1.05,1.3,1.36,1.09,1.76,1.6,1.57,1.29,1.11,0,NA,0.95,1.31,1.31,1.45,1.15,0.93,1.06,1.28,1.41,1.48,1.58,1.45,1.3,1.01,1.49,
Dataset/TF/T_(5)/Data_Stealing_Malware_TeamSpy_Resurfaces_in_Spam_Campaign.txt,1,NA,NA,NA,2.65,NA,NA,1.3,NA,NA,NA,1.06,1.16,NA,2.01,NA,1.65,NA,NA,NA,1.67,NA,NA,NA,1.32,NA,1.64,NA,1.39,NA,NA,NA,NA,NA,2.27,NA,1.44,1.43,1.46,NA,NA,NA,NA,3.1,1.07,NA,1.02,1.02,NA,2.62,NA,2.07,NA,1.75,NA,NA,NA,NA,NA,NA,NA,NA,NA,NA,NA,1.25,NA,NA,NA,3.02,2.58,NA,NA,NA,NA,1.45,NA,NA,NA,NA,NA,NA,NA,2.01,NA,2.52,NA,NA,3.4,NA,NA,1.44,NA,NA,NA,1.37,NA,NA,NA,NA,NA,NA,NA,NA,0.83,4.58,1.17,2.43,1.44,1.33,1.27,1.39,NA,0.85,0.97,1.07,1,0.91,1.13,1.22,0.94,0.9,1.05,1.12,1.78,1.15,1.33,1.14,1.16,0.95,NA,0,0.79,0.73,0.91,0.85,0.77,1.05,0.94,0.93,1.56,1.05,1.05,1.06,0.85,0.89,
Dataset/TF/T_(5)/Dridex_Trojan_Gets_A_Major_‘AtomBombing’_Update.txt,1,NA,NA,NA,3.26,NA,NA,1.66,NA,NA,NA,1.63,1.62,NA,1.54,NA,2.17,NA,NA,NA,2.67,NA,NA,NA,1.19,NA,1.91,NA,1.76,NA,NA,NA,NA,NA,1.9,NA,1.71,1.73,2.11,NA,NA,NA,NA,2.89,1.3,NA,1.59,1.67,NA,2.05,NA,3.85,NA,2.27,NA,NA,NA,NA,NA,NA,NA,NA,NA,NA,NA,0.84,NA,NA,NA,2.44,2.1,NA,NA,NA,NA,1.93,NA,NA,NA,NA,NA,NA,NA,1.27,NA,3.28,NA,NA,1.71,NA,NA,2.37,NA,NA,NA,1.26,NA,NA,NA,NA,NA,NA,NA,NA,1.14,4.81,1.44,3.03,1.33,1.5,0.85,1.37,NA,1.53,1.21,1.3,1.3,1.33,0.93,1.23,1.19,1.08,0.97,1.24,1.4,1.36,1.12,2.15,1.04,1.31,NA,0.79,0,1.09,0.86,1.01,1.21,0.7,1.19,1.01,1.78,1.12,1.23,1.31,1.41,1.12,
Dataset/TF/T_(5)/Fileless_Banking_Malware_Attackers_Break_In-_Cash_Out-_Disappear.txt,1,NA,NA,NA,2.57,NA,NA,1.44,NA,NA,NA,1.11,1.21,NA,1.57,NA,1.41,NA,NA,NA,2.73,NA,NA,NA,0.83,NA,1.48,NA,1.71,NA,NA,NA,NA,NA,1.24,NA,1.3,1.29,1.3,NA,NA,NA,NA,3.28,1.11,NA,0.72,1.32,NA,1.44,NA,3.61,NA,1.14,NA,NA,NA,NA,NA,NA,NA,NA,NA,NA,NA,1.36,NA,NA,NA,3.75,1.49,NA,NA,NA,NA,1.1,NA,NA,NA,NA,NA,NA,NA,2.44,NA,3.18,NA,NA,1.63,NA,NA,1.69,NA,NA,NA,1.15,NA,NA,NA,NA,NA,NA,NA,NA,1.74,5.92,1.39,2.51,2.29,1.6,1.04,1.87,NA,0.88,1.17,1.11,1.03,0.59,1.06,1.38,0.73,0.92,0.77,0.65,1.57,0.79,1.12,1.12,1.24,1.31,NA,0.73,1.09,0,1.29,0.92,0.99,0.76,1.18,1.04,1.29,0.84,0.83,0.72,1.23,0.98,
Dataset/TF/T_(5)/Necurs_Botnet_Learns_New_DDoS_Trick.txt,1,NA,NA,NA,2.99,NA,NA,3.79,NA,NA,NA,2.39,1.96,NA,2.41,NA,10.18,NA,NA,NA,2.42,NA,NA,NA,2.24,NA,3.19,NA,1.95,NA,NA,NA,NA,NA,3.13,NA,2.5,2.52,2.75,NA,NA,NA,NA,4.11,2.36,NA,2.11,1.48,NA,4.51,NA,2.85,NA,3.41,NA,NA,NA,NA,NA,NA,NA,NA,NA,NA,NA,1.54,NA,NA,NA,2.05,3.57,NA,NA,NA,NA,2.31,NA,NA,NA,NA,NA,NA,NA,2.18,NA,4.86,NA,NA,2.97,NA,NA,3.56,NA,NA,NA,1.7,NA,NA,NA,NA,NA,NA,NA,NA,2.04,3.29,1.7,2.3,1.61,2.05,0.88,2.41,NA,1.57,1.4,2.26,1.18,1.12,1.33,1.88,2.2,1.1,1.23,1.79,1.94,2.4,1.64,2.02,2.1,1.45,NA,0.91,0.86,1.29,0,1.58,1.21,1.35,2.16,1.31,2.51,2.28,1.97,2.32,0.96,2.09,
Dataset/TF/T_(5)/NetWire_RAT_Back-_Stealing_Payment_Card_Data.txt,1,NA,NA,NA,2.3,NA,NA,1.56,NA,NA,NA,1.64,1.31,NA,1.97,NA,2.21,NA,NA,NA,2.87,NA,NA,NA,1.67,NA,2.1,NA,1.38,NA,NA,NA,NA,NA,1.93,NA,1.44,1.44,1.11,NA,NA,NA,NA,2.1,1.44,NA,1.66,1.42,NA,2.58,NA,2.55,NA,1.91,NA,NA,NA,NA,NA,NA,NA,NA,NA,NA,NA,1.46,NA,NA,NA,3.95,2,NA,NA,NA,NA,2.1,NA,NA,NA,NA,NA,NA,NA,1.39,NA,5.01,NA,NA,3.38,NA,NA,1.35,NA,NA,NA,1.33,NA,NA,NA,NA,NA,NA,NA,NA,1.43,1.82,1.69,1.54,1.91,2.1,1.34,1.52,NA,1.06,1.07,1.44,1.39,1.06,1.33,1.5,1.24,1.96,1.3,1.61,1.74,1.4,1.68,1.77,0.98,1.15,NA,0.85,1.01,0.92,1.58,0,1.15,1.03,1.47,1.08,1.7,1.37,0.94,1.29,1.41,1.09,
Dataset/TF/T_(5)/NEW_RAT_TARGETS_KOREANS_AND_IS_SKILLED_AT_EVADING_DETECTION.txt,1,NA,NA,NA,2.87,NA,NA,1.63,NA,NA,NA,1.35,1.41,NA,1.59,NA,4.53,NA,NA,NA,4.56,NA,NA,NA,1.15,NA,2.56,NA,2.4,NA,NA,NA,NA,NA,2.45,NA,1.62,1.62,1.49,NA,NA,NA,NA,4.27,1.01,NA,0.9,1.52,NA,2.57,NA,2.51,NA,1.36,NA,NA,NA,NA,NA,NA,NA,NA,NA,NA,NA,1.27,NA,NA,NA,3.29,2.7,NA,NA,NA,NA,1.4,NA,NA,NA,NA,NA,NA,NA,1.57,NA,3.69,NA,NA,2.62,NA,NA,1.61,NA,NA,NA,1.3,NA,NA,NA,NA,NA,NA,NA,NA,1.08,1.71,1.42,2.17,1.8,1.14,1.2,1.58,NA,0.84,1.17,0.98,1.05,1.11,1.04,1.46,1.27,1.15,1.07,1.23,1.53,1.39,1.29,1.37,1.09,0.93,NA,0.77,1.21,0.99,1.21,1.15,0,0.92,1.29,1.22,1.12,1.09,0.98,1,1.13,1.05,
Dataset/TF/T_(5)/Zeus_Variant_‘Floki_Bot’_Targets_PoS_Data.txt,1,NA,NA,NA,3.04,NA,NA,1.93,NA,NA,NA,1.47,2.26,NA,2.53,NA,3.04,NA,NA,NA,3.12,NA,NA,NA,1.45,NA,2.24,NA,2.11,NA,NA,NA,NA,NA,2.51,NA,1.52,1.54,2.39,NA,NA,NA,NA,3.67,0.94,NA,1.44,1.74,NA,2.21,NA,6.14,NA,1.76,NA,NA,NA,NA,NA,NA,NA,NA,NA,NA,NA,1.36,NA,NA,NA,3.55,2.82,NA,NA,NA,NA,2.12,NA,NA,NA,NA,NA,NA,NA,2.17,NA,3.13,NA,NA,2.23,NA,NA,1.66,NA,NA,NA,1.56,NA,NA,NA,NA,NA,NA,NA,NA,1.07,5.71,1.25,2.68,2.07,1.07,0.88,1.96,NA,1.24,1.35,0.94,1.09,1.37,1.26,1.46,1.6,1.17,1,1.06,1.44,1.4,1.51,1.58,1.44,1.06,NA,1.05,0.7,0.76,1.35,1.03,0.92,0,1.52,1.09,1.39,0.97,1.05,1.11,1.21,1.26,
